70.139 16.063  54318
70.139 16.063  1
875
        596400        5402850            769        -119.3          100
        596500        5402850            726        -120.7          100
        596600        5402850            655        -122.2          100
        596700        5402850            646        -123.8          100
        596800        5402850            638        -125.4          100
        596900        5402850            626        -127.3          100
        597000        5402850            585        -129.2          100
        597100        5402850            591        -130.9          100
        597200        5402850            582        -132.2          100
        597300        5402850            592        -133.2          100
        597400        5402850            578        -135.6          100
        597500        5402850            553        -140.7          100
        597600        5402850            527        -145.9          100
        597700        5402850            469        -140.1          100
        597800        5402850            422         -90.5          100
        597900        5402850            418          32.2          100
        598000        5402850            418        -118.7          100
        598100        5402850            416        -173.4          100
        598200        5402850            412        -190.5          100
        598300        5402850            407        -197.1          100
        598400        5402850            383        -196.3          100
        598500        5402850            384        -190.2          100
        598600        5402850            423        -181.2          100
        598700        5402850            466          -171          100
        598800        5402850            594        -160.4          100
        596400        5402750            773        -121.2          100
        596500        5402750            737        -122.7          100
        596600        5402750            677        -124.4          100
        596700        5402750            637        -126.1          100
        596800        5402750            627          -128          100
        596900        5402750            619        -130.4          100
        597000        5402750            574        -133.4          100
        597100        5402750            566        -136.4          100
        597200        5402750            552        -137.8          100
        597300        5402750            548        -135.5          100
        597400        5402750            558        -134.6          100
        597500        5402750            529        -141.2          100
        597600        5402750            517        -155.1          100
        597700        5402750            469        -167.4          100
        597800        5402750            422        -163.4          100
        597900        5402750            418        -153.8          100
        598000        5402750            418        -241.5          100
        598100        5402750            416        -196.5          100
        598200        5402750            412        -210.7          100
        598300        5402750            407        -218.9          100
        598400        5402750            388        -215.8          100
        598500        5402750            380          -206          100
        598600        5402750            422        -193.2          100
        598700        5402750            456        -179.4          100
        598800        5402750            588        -166.1          100
        596400        5402650            827        -123.4          100
        596500        5402650            780        -125.1          100
        596600        5402650            713        -126.9          100
        596700        5402650            659        -128.8          100
        596800        5402650            642        -131.2          100
        596900        5402650            627        -134.7          100
        597000        5402650            612        -140.2          100
        597100        5402650            612        -148.8          100
        597200        5402650            596        -159.7          100
        597300        5402650            559        -145.1          100
        597400        5402650            554        -130.4          100
        597500        5402650            519        -134.1          100
        597600        5402650            503        -160.6          100
        597700        5402650            466        -196.8          100
        597800        5402650            428        -231.8          100
        597900        5402650            423          -248          100
        598000        5402650            413        -184.3          100
        598100        5402650            411        -171.5          100
        598200        5402650            406        -240.2          100
        598300        5402650            401        -251.2          100
        598400        5402650            392        -242.1          100
        598500        5402650            377        -225.5          100
        598600        5402650            425        -206.8          100
        598700        5402650            459        -188.3          100
        598800        5402650            566        -171.5          100
        596400        5402550            856        -125.9          100
        596500        5402550            823        -127.9          100
        596600        5402550            736        -129.9          100
        596700        5402550            670        -132.1          100
        596800        5402550            649        -135.1          100
        596900        5402550            637        -139.9          100
        597000        5402550            619        -149.9          100
        597100        5402550            606        -173.8          100
        597200        5402550            597        -217.1          100
        597300        5402550            576        -138.1          100
        597400        5402550            571        -131.1          100
        597500        5402550            532          -119          100
        597600        5402550            505        -162.1          100
        597700        5402550            465        -225.5          100
        597800        5402550            433        -303.8          100
        597900        5402550            423        -393.7          100
        598000        5402550            418        -345.2          100
        598100        5402550            412        -296.8          100
        598200        5402550            410        -316.4          100
        598300        5402550            402        -305.1          100
        598400        5402550            393          -279          100
        598500        5402550            380        -250.1          100
        598600        5402550            405          -222          100
        598700        5402550            449        -197.1          100
        598800        5402550            544        -175.9          100
        596400        5402450            938          -129          100
        596500        5402450            851        -131.2          100
        596600        5402450            764        -133.5          100
        596700        5402450            698        -136.2          100
        596800        5402450            672        -139.7          100
        596900        5402450            646        -145.7          100
        597000        5402450            626        -159.7          100
        597100        5402450            617        -205.2          100
        597200        5402450            614        -379.8          100
        597300        5402450            602        -474.8          100
        597400        5402450            592        -499.1          100
        597500        5402450            564        -167.8          100
        597600        5402450            532        -181.1          100
        597700        5402450            485        -352.5          100
        597800        5402450            437        -347.6          100
        597900        5402450            424        -885.5          100
        598000        5402450            411          -677          100
        598100        5402450            391        -645.9          100
        598200        5402450            390        -475.2          100
        598300        5402450            395        -396.1          100
        598400        5402450            385        -330.2          100
        598500        5402450            380        -281.6          100
        598600        5402450            390        -238.4          100
        598700        5402450            449        -204.7          100
        598800        5402450            570        -178.5          100
        596400        5402350            971        -132.7          100
        596500        5402350            910        -135.2          100
        596600        5402350            810          -138          100
        596700        5402350            723        -141.2          100
        596800        5402350            682        -145.6          100
        596900        5402350            665        -152.8          100
        597000        5402350            643        -168.6          100
        597100        5402350            637        -235.1          100
        597200        5402350            631        -297.6          100
        597300        5402350            620         567.1          100
        597400        5402350            619         738.8          100
        597500        5402350            611         -78.3          100
        597600        5402350            556        -279.5          100
        597700        5402350            484        -433.9          100
        597800        5402350            442        -346.8          100
        597900        5402350            421        -399.3          100
        598000        5402350            407        -609.5          100
        598100        5402350            402        -560.5          100
        598200        5402350            397        -805.4          100
        598300        5402350            391        -514.1          100
        598400        5402350            383        -371.5          100
        598500        5402350            368        -323.2          100
        598600        5402350            385        -253.3          100
        598700        5402350            426        -209.3          100
        598800        5402350            532        -178.3          100
        596400        5402250            957        -137.2          100
        596500        5402250            917        -140.2          100
        596600        5402250            863        -143.4          100
        596700        5402250            753        -147.5          100
        596800        5402250            713        -154.1          100
        596900        5402250            679          -168          100
        597000        5402250            650        -197.2          100
        597100        5402250            642        -223.1          100
        597200        5402250            638        -142.6          100
        597300        5402250            634         302.5          100
        597400        5402250            630         496.5          100
        597500        5402250            623           7.2          100
        597600        5402250            547        -273.3          100
        597700        5402250            489        -353.8          100
        597800        5402250            439        -306.8          100
        597900        5402250            418        -206.9          100
        598000        5402250            407        -129.7          100
        598100        5402250            402         -98.9          100
        598200        5402250            397        -157.3          100
        598300        5402250            391        -414.8          100
        598400        5402250            383        -614.9          100
        598500        5402250            368        -357.6          100
        598600        5402250            385        -262.7          100
        598700        5402250            424        -208.7          100
        598800        5402250            546        -173.9          100
        596400        5402150            946          -143          100
        596500        5402150            911        -146.4          100
        596600        5402150            855        -149.9          100
        596700        5402150            766        -154.8          100
        596800        5402150            721        -164.5          100
        596900        5402150            695          -207          100
        597000        5402150            649        -183.6          100
        597100        5402150            649        -156.1          100
        597200        5402150            646        -107.8          100
        597300        5402150            650        -153.9          100
        597400        5402150            631         -88.9          100
        597500        5402150            602        -186.8          100
        597600        5402150            532          -651          100
        597700        5402150            482        -249.6          100
        597800        5402150            425        -157.7          100
        597900        5402150            406        -150.6          100
        598000        5402150            396         -91.9          100
        598100        5402150            401         245.7          100
        598200        5402150            399         233.5          100
        598300        5402150            396        -516.6          100
        598400        5402150            379        -640.3          100
        598500        5402150            379        -398.9          100
        598600        5402150            400        -263.4          100
        598700        5402150            424        -201.2          100
        598800        5402150            546        -164.7          100
        596400        5402050            922        -151.5          100
        596500        5402050            872          -155          100
        596600        5402050            834        -157.8          100
        596700        5402050            781        -162.8          100
        596800        5402050            749        -172.4          100
        596900        5402050            707        -210.1          100
        597000        5402050            650        -180.7          100
        597100        5402050            659        -167.8          100
        597200        5402050            657          -160          100
        597300        5402050            644          -164          100
        597400        5402050            613        -193.8          100
        597500        5402050            574        -367.6          100
        597600        5402050            510        -257.4          100
        597700        5402050            472         -71.5          100
        597800        5402050            419         -40.7          100
        597900        5402050            404         -82.5          100
        598000        5402050            396         -58.9          100
        598100        5402050            402         121.3          100
        598200        5402050            386          21.7          100
        598300        5402050            387        -167.4          100
        598400        5402050            376        -502.8          100
        598500        5402050            375        -432.5          100
        598600        5402050            397        -252.1          100
        598700        5402050            412        -186.7          100
        598800        5402050            485        -151.3          100
        596400        5401950            904        -169.9          100
        596500        5401950            863        -170.7          100
        596600        5401950            814        -167.6          100
        596700        5401950            769        -171.9          100
        596800        5401950            746        -181.4          100
        596900        5401950            721        -193.8          100
        597000        5401950            631        -196.8          100
        597100        5401950            627        -202.5          100
        597200        5401950            634        -218.6          100
        597300        5401950            596          -249          100
        597400        5401950            562        -304.7          100
        597500        5401950            522        -389.4          100
        597600        5401950            488        -533.3          100
        597700        5401950            464         252.8          100
        597800        5401950            459         208.2          100
        597900        5401950            424         -64.8          100
        598000        5401950            408          54.1          100
        598100        5401950            405          46.5          100
        598200        5401950            404           2.5          100
        598300        5401950            392           -87          100
        598400        5401950            365        -222.9          100
        598500        5401950            364          -645          100
        598600        5401950            364        -242.6          100
        598700        5401950            389        -169.9          100
        598800        5401950            465        -135.6          100
        596400        5401850            900        -213.2          100
        596500        5401850            857        -200.6          100
        596600        5401850            808        -178.7          100
        596700        5401850            789        -181.8          100
        596800        5401850            746          -195          100
        596900        5401850            721        -240.8          100
        597000        5401850            631        -228.6          100
        597100        5401850            627        -241.6          100
        597200        5401850            634        -278.3          100
        597300        5401850            596          -341          100
        597400        5401850            562        -451.9          100
        597500        5401850            507        -520.9          100
        597600        5401850            466        -522.5          100
        597700        5401850            460         379.6          100
        597800        5401850            455         439.2          100
        597900        5401850            421         273.4          100
        598000        5401850            402         130.6          100
        598100        5401850            399          95.5          100
        598200        5401850            402          44.3          100
        598300        5401850            399         -20.5          100
        598400        5401850            375        -102.1          100
        598500        5401850            369          -220          100
        598600        5401850            361        -293.8          100
        598700        5401850            393        -155.8          100
        598800        5401850            451        -120.2          100
        596400        5401750            886        -211.3          100
        596500        5401750            857        -214.6          100
        596600        5401750            805        -188.6          100
        596700        5401750            785        -190.7          100
        596800        5401750            760        -206.3          100
        596900        5401750            744        -243.7          100
        597000        5401750            624        -255.7          100
        597100        5401750            610        -278.8          100
        597200        5401750            616        -335.9          100
        597300        5401750            563        -425.6          100
        597400        5401750            538        -636.5          100
        597500        5401750            507       -1077.5          100
        597600        5401750            466        -553.9          100
        597700        5401750            460         441.6          100
        597800        5401750            455        1232.8          100
        597900        5401750            421           262          100
        598000        5401750            402         213.7          100
        598100        5401750            399         167.2          100
        598200        5401750            401         101.8          100
        598300        5401750            395          37.1          100
        598400        5401750            389           -33          100
        598500        5401750            383        -125.6          100
        598600        5401750            368        -233.8          100
        598700        5401750            390        -140.8          100
        598800        5401750            437        -108.2          100
        596400        5401650            891        -218.9          100
        596500        5401650            850        -241.6          100
        596600        5401650            821        -195.2          100
        596700        5401650            787        -197.6          100
        596800        5401650            756        -214.7          100
        596900        5401650            740        -248.2          100
        597000        5401650            639          -273          100
        597100        5401650            583        -310.9          100
        597200        5401650            560        -403.2          100
        597300        5401650            491        -499.4          100
        597400        5401650            475        -594.7          100
        597500        5401650            465        -904.5          100
        597600        5401650            454        -289.4          100
        597700        5401650            461         892.4          100
        597800        5401650            451          1599          100
        597900        5401650            415         236.5          100
        598000        5401650            397         343.3          100
        598100        5401650            399         236.8          100
        598200        5401650            401         155.2          100
        598300        5401650            400          84.9          100
        598400        5401650            395          12.7          100
        598500        5401650            392         -86.8          100
        598600        5401650            374        -315.5          100
        598700        5401650            383        -148.4          100
        598800        5401650            442        -107.6          100
        596400        5401550            884        -244.1          100
        596500        5401550            847        -213.2          100
        596600        5401550            806        -195.8          100
        596700        5401550            785        -202.7          100
        596800        5401550            753        -222.1          100
        596900        5401550            728        -258.3          100
        597000        5401550            641        -277.5          100
        597100        5401550            582        -325.8          100
        597200        5401550            529        -445.1          100
        597300        5401550            452        -663.9          100
        597400        5401550            439        -761.1          100
        597500        5401550            435        -787.7          100
        597600        5401550            437         -32.5          100
        597700        5401550            447        1178.3          100
        597800        5401550            440         834.7          100
        597900        5401550            405           568          100
        598000        5401550            396         402.4          100
        598100        5401550            396         283.3          100
        598200        5401550            399         196.3          100
        598300        5401550            400           123          100
        598400        5401550            389          47.6          100
        598500        5401550            394         -61.1          100
        598600        5401550            400        -343.6          100
        598700        5401550            381          -222          100
        598800        5401550            437          -128          100
        596400        5401450            855        -228.9          100
        596500        5401450            829        -196.9          100
        596600        5401450            791        -195.9          100
        596700        5401450            773        -207.7          100
        596800        5401450            742        -230.1          100
        596900        5401450            723        -283.3          100
        597000        5401450            624        -270.2          100
        597100        5401450            564        -318.5          100
        597200        5401450            507        -407.5          100
        597300        5401450            433        -533.2          100
        597400        5401450            413        -875.7          100
        597500        5401450            407       -1776.7          100
        597600        5401450            418         178.2          100
        597700        5401450            428         732.7          100
        597800        5401450            424         749.4          100
        597900        5401450            401         575.2          100
        598000        5401450            387         416.9          100
        598100        5401450            382         307.3          100
        598200        5401450            397         225.8          100
        598300        5401450            398         153.8          100
        598400        5401450            383          79.7          100
        598500        5401450            399         -21.4          100
        598600        5401450            414        -211.7          100
        598700        5401450            409        -396.3          100
        598800        5401450            433        -162.2          100
        596400        5401350            855        -185.2          100
        596500        5401350            844        -190.3          100
        596600        5401350            791        -199.5          100
        596700        5401350            773        -215.9          100
        596800        5401350            742        -247.7          100
        596900        5401350            723        -262.2          100
        597000        5401350            661        -266.6          100
        597100        5401350            551        -313.7          100
        597200        5401350            499        -350.8          100
        597300        5401350            418        -367.2          100
        597400        5401350            407        -455.2          100
        597500        5401350            397        -633.6          100
        597600        5401350            399         388.6          100
        597700        5401350            423        1127.4          100
        597800        5401350            412         436.3          100
        597900        5401350            397         468.4          100
        598000        5401350            382         403.3          100
        598100        5401350            382         328.3          100
        598200        5401350            386         252.5          100
        598300        5401350            383         180.7          100
        598400        5401350            396         111.1          100
        598500        5401350            415          33.5          100
        598600        5401350            432         -65.6          100
        598700        5401350            431        -183.1          100
        598800        5401350            451          -118          100
        596400        5401250            810        -184.3          100
        596500        5401250            792        -198.8          100
        596600        5401250            750        -213.5          100
        596700        5401250            746        -232.4          100
        596800        5401250            720        -267.7          100
        596900        5401250            707        -249.5          100
        597000        5401250            637        -271.2          100
        597100        5401250            524        -323.9          100
        597200        5401250            474        -321.2          100
        597300        5401250            396        -306.7          100
        597400        5401250            389        -374.6          100
        597500        5401250            382         -31.9          100
        597600        5401250            390         759.6          100
        597700        5401250            410         729.4          100
        597800        5401250            406         461.3          100
        597900        5401250            397         474.1          100
        598000        5401250            384         469.5          100
        598100        5401250            383         389.9          100
        598200        5401250            380         288.8          100
        598300        5401250            380         204.8          100
        598400        5401250            416         136.4          100
        598500        5401250            438          75.2          100
        598600        5401250            446          17.7          100
        598700        5401250            431         -25.3          100
        598800        5401250            432         -32.8          100
        596400        5401150            783        -208.3          100
        596500        5401150            770        -253.4          100
        596600        5401150            734        -321.8          100
        596700        5401150            721        -259.4          100
        596800        5401150            702        -238.9          100
        596900        5401150            681        -252.3          100
        597000        5401150            594          -291          100
        597100        5401150            482        -399.7          100
        597200        5401150            448        -367.9          100
        597300        5401150            395        -462.6          100
        597400        5401150            380        -529.3          100
        597500        5401150            383         300.1          100
        597600        5401150            391         915.8          100
        597700        5401150            404        1078.3          100
        597800        5401150            407         633.4          100
        597900        5401150            394           791          100
        598000        5401150            389        1159.2          100
        598100        5401150            384         576.1          100
        598200        5401150            382         333.6          100
        598300        5401150            396         218.2          100
        598400        5401150            428         148.7          100
        598500        5401150            438          97.6          100
        598600        5401150            446          56.5          100
        598700        5401150            431          26.3          100
        598800        5401150            432           9.4          100
        596400        5401050            758        -309.8          100
        596500        5401050            752        -219.7          100
        596600        5401050            725        -207.6          100
        596700        5401050            707        -212.5          100
        596800        5401050            675        -228.4          100
        596900        5401050            645        -261.1          100
        597000        5401050            539        -321.6          100
        597100        5401050            456        -367.6          100
        597200        5401050            426        -460.3          100
        597300        5401050            388        -633.6          100
        597400        5401050            375        -842.3          100
        597500        5401050            380         667.3          100
        597600        5401050            385         585.2          100
        597700        5401050            404         549.4          100
        597800        5401050            415         511.8          100
        597900        5401050            405         614.9          100
        598000        5401050            400        1132.3          100
        598100        5401050            391         786.1          100
        598200        5401050            406         318.1          100
        598300        5401050            414         196.4          100
        598400        5401050            430         140.7          100
        598500        5401050            432         102.4          100
        598600        5401050            435          71.7          100
        598700        5401050            420          47.6          100
        598800        5401050            425          30.3          100
        596400        5400950            744        -182.2          100
        596500        5400950            725        -179.5          100
        596600        5400950            699        -184.2          100
        596700        5400950            686        -198.2          100
        596800        5400950            617        -224.1          100
        596900        5400950            571        -268.8          100
        597000        5400950            452        -352.8          100
        597100        5400950            411        -406.5          100
        597200        5400950            392        -569.5          100
        597300        5400950            368        -850.9          100
        597400        5400950            367        -628.2          100
        597500        5400950            365        -106.7          100
        597600        5400950            357         170.8          100
        597700        5400950            379         276.7          100
        597800        5400950            396         328.8          100
        597900        5400950            399         416.2          100
        598000        5400950            406        1350.4          100
        598100        5400950            406         191.4          100
        598200        5400950            405          92.8          100
        598300        5400950            402         111.5          100
        598400        5400950            410         110.1          100
        598500        5400950            392          93.7          100
        598600        5400950            377            74          100
        598700        5400950            371          55.7          100
        598800        5400950            420          40.4          100
        596400        5400850            729        -150.5          100
        596500        5400850            725        -157.8          100
        596600        5400850            699        -168.2          100
        596700        5400850            686          -186          100
        596800        5400850            650        -216.6          100
        596900        5400850            571        -274.5          100
        597000        5400850            452        -348.6          100
        597100        5400850            411        -429.1          100
        597200        5400850            392        -668.7          100
        597300        5400850            359       -1221.3          100
        597400        5400850            358        -766.4          100
        597500        5400850            357        -313.3          100
        597600        5400850            359         -40.2          100
        597700        5400850            380         109.1          100
        597800        5400850            390         190.5          100
        597900        5400850            398         222.9          100
        598000        5400850            406           7.4          100
        598100        5400850            398          -117          100
        598200        5400850            386        -462.6          100
        598300        5400850            387          -9.8          100
        598400        5400850            383          72.5          100
        598500        5400850            369          79.6          100
        598600        5400850            354            70          100
        598700        5400850            356          57.1          100
        598800        5400850            418          44.6          100
        596400        5400750            718        -134.8          100
        596500        5400750            719        -142.5          100
        596600        5400750            691        -153.6          100
        596700        5400750            672        -172.5          100
        596800        5400750            622        -206.9          100
        596900        5400750            506        -267.3          100
        597000        5400750            435        -285.8          100
        597100        5400750            389        -389.4          100
        597200        5400750            374        -628.3          100
        597300        5400750            359       -1178.4          100
        597400        5400750            358          -783          100
        597500        5400750            357        -351.7          100
        597600        5400750            359        -109.9          100
        597700        5400750            380          29.5          100
        597800        5400750            390         107.9          100
        597900        5400750            398         140.3          100
        598000        5400750            406           118          100
        598100        5400750            389          27.6          100
        598200        5400750            383        -252.5          100
        598300        5400750            374         -24.2          100
        598400        5400750            369          55.7          100
        598500        5400750            362          68.7          100
        598600        5400750            339          64.6          100
        598700        5400750            347          55.4          100
        598800        5400750            411          45.4          100
        596400        5400650            707        -123.2          100
        596500        5400650            707        -129.7          100
        596600        5400650            677        -139.9          100
        596700        5400650            616        -159.7          100
        596800        5400650            554        -215.5          100
        596900        5400650            465        -240.8          100
        597000        5400650            405        -207.1          100
        597100        5400650            368        -275.8          100
        597200        5400650            357        -444.3          100
        597300        5400650            351        -738.5          100
        597400        5400650            358        -525.7          100
        597500        5400650            358        -235.8          100
        597600        5400650            348         -68.2          100
        597700        5400650            363          25.9          100
        597800        5400650            382          79.4          100
        597900        5400650            403         104.1          100
        598000        5400650            404         101.6          100
        598100        5400650            389          72.2          100
        598200        5400650            383          34.3          100
        598300        5400650            374          41.2          100
        598400        5400650            369          59.1          100
        598500        5400650            362          63.6          100
        598600        5400650            339          59.9          100
        598700        5400650            347          52.7          100
        598800        5400650            375          44.5          100
        596400        5400550            659        -114.2          100
        596500        5400550            648        -119.5          100
        596600        5400550            567        -128.7          100
        596700        5400550            522        -150.8          100
        596800        5400550            478        -272.3          100
        596900        5400550            403        -147.5          100
        597000        5400550            352        -100.4          100
        597100        5400550            343        -106.6          100
        597200        5400550            334          -222          100
        597300        5400550            345        -517.7          100
        597400        5400550            363          -156          100
        597500        5400550            355            13          100
        597600        5400550            352          65.2          100
        597700        5400550            369            82          100
        597800        5400550            386          92.7          100
        597900        5400550            383          97.9          100
        598000        5400550            383          94.8          100
        598100        5400550            393          83.4          100
        598200        5400550            389          70.3          100
        598300        5400550            344          64.3          100
        598400        5400550            336          63.2          100
        598500        5400550            316          60.9          100
        598600        5400550            304          56.2          100
        598700        5400550            317          49.8          100
        598800        5400550            355          42.7          100
        596400        5400450            613        -108.3          100
        596500        5400450            601        -113.4          100
        596600        5400450            539        -123.3          100
        596700        5400450            502        -155.1          100
        596800        5400450            468          -273          100
        596900        5400450            384         -74.2          100
        597000        5400450            339          13.3          100
        597100        5400450            342         102.7          100
        597200        5400450            345         150.3          100
        597300        5400450            349         124.2          100
        597400        5400450            351         339.3          100
        597500        5400450            342         634.2          100
        597600        5400450            341           256          100
        597700        5400450            348         167.2          100
        597800        5400450            359           128          100
        597900        5400450            359         108.6          100
        598000        5400450            371          96.2          100
        598100        5400450            393          85.5          100
        598200        5400450            392          75.9          100
        598300        5400450            341          68.6          100
        598400        5400450            326          63.2          100
        598500        5400450            311          58.2          100
        598600        5400450            298          52.7          100
        598700        5400450            301          46.7          100
        598800        5400450            350          40.4          100
        596400        5400350            613        -106.3          100
        596500        5400350            601          -113          100
        596600        5400350            539        -126.6          100
        596700        5400350            502        -171.7          100
        596800        5400350            436        -164.1          100
        596900        5400350            370         -32.7          100
        597000        5400350            348            90          100
        597100        5400350            335         278.5          100
        597200        5400350            337           670          100
        597300        5400350            344         849.1          100
        597400        5400350            335         887.9          100
        597500        5400350            330           698          100
        597600        5400350            330         386.2          100
        597700        5400350            333         234.9          100
        597800        5400350            339         160.6          100
        597900        5400350            347           122          100
        598000        5400350            344           100          100
        598100        5400350            358          85.7          100
        598200        5400350            351          75.3          100
        598300        5400350            326          67.2          100
        598400        5400350            316          60.6          100
        598500        5400350            296          54.8          100
        598600        5400350            297          49.2          100
        598700        5400350            306          43.5          100
        598800        5400350            338          37.7          100
        596400        5400250            483        -108.3          100
        596500        5400250            491        -118.8          100
        596600        5400250            448        -140.5          100
        596700        5400250            436        -216.9          100
        596800        5400250            408        -153.8          100
        596900        5400250            370         -54.3          100
        597000        5400250            344          82.4          100
        597100        5400250            339         287.3          100
        597200        5400250            335         628.2          100
        597300        5400250            336        1033.1          100
        597400        5400250            323         820.5          100
        597500        5400250            319         631.8          100
        597600        5400250            322         392.7          100
        597700        5400250            324         251.2          100
        597800        5400250            340         171.9          100
        597900        5400250            352         126.9          100
        598000        5400250            320         100.4          100
        598100        5400250            319          83.7          100
        598200        5400250            318          72.2          100
        598300        5400250            319          63.7          100
        598400        5400250            293          56.8          100
        598500        5400250            287          50.9          100
        598600        5400250            268          45.3          100
        598700        5400250            271            40          100
        598800        5400250            352          34.8          100
        596400        5400150            444        -114.7          100
        596500        5400150            456        -129.4          100
        596600        5400150            432          -161          100
        596700        5400150            423        -225.4          100
        596800        5400150            400        -280.2          100
        596900        5400150            367        -168.4          100
        597000        5400150            342           -25          100
        597100        5400150            332         160.3          100
        597200        5400150            324         355.8          100
        597300        5400150            319         457.2          100
        597400        5400150            313         509.2          100
        597500        5400150            308         427.3          100
        597600        5400150            303         308.1          100
        597700        5400150            312         217.4          100
        597800        5400150            326         157.2          100
        597900        5400150            333         118.8          100
        598000        5400150            298          94.3          100
        598100        5400150            303          78.1          100
        598200        5400150            306          66.9          100
        598300        5400150            294          58.6          100
        598400        5400150            293            52          100
        598500        5400150            287          46.3          100
        598600        5400150            268          41.2          100
        598700        5400150            271          36.3          100
        598800        5400150            352          31.6          100
        596400        5400050            415        -128.8          100
        596500        5400050            420        -146.2          100
        596600        5400050            415        -177.3          100
        596700        5400050            411        -269.5          100
        596800        5400050            389        -270.3          100
        596900        5400050            367        -376.4          100
        597000        5400050            335        -294.7          100
        597100        5400050            323         -35.5          100
        597200        5400050            319         158.1          100
        597300        5400050            307         222.8          100
        597400        5400050            307         272.9          100
        597500        5400050            304         234.2          100
        597600        5400050            297         195.1          100
        597700        5400050            290         156.4          100
        597800        5400050            293         123.8          100
        597900        5400050            300          99.1          100
        598000        5400050            288          81.4          100
        598100        5400050            286          68.6          100
        598200        5400050            289          59.3          100
        598300        5400050            280          52.1          100
        598400        5400050            279          46.3          100
        598500        5400050            279          41.3          100
        598600        5400050            265          36.7          100
        598700        5400050            273          32.4          100
        598800        5400050            338          28.3          100
        596400        5399950            399        -167.2          100
        596500        5399950            403        -202.6          100
        596600        5399950            397        -255.6          100
        596700        5399950            387        -191.5          100
        596800        5399950            376        -180.7          100
        596900        5399950            351        -189.6          100
        597000        5399950            337        -174.9          100
        597100        5399950            334        -224.3          100
        597200        5399950            314         -60.4          100
        597300        5399950            301            31          100
        597400        5399950            302         237.7          100
        597500        5399950            294          80.4          100
        597600        5399950            291            89          100
        597700        5399950            270          89.6          100
        597800        5399950            283          82.3          100
        597900        5399950            292          72.8          100
        598000        5399950            293          63.7          100
        598100        5399950            285            56          100
        598200        5399950            284          49.7          100
        598300        5399950            273          44.4          100
        598400        5399950            274          39.9          100
        598500        5399950            276          35.8          100
        598600        5399950            271          31.9          100
        598700        5399950            276          28.3          100
        598800        5399950            350          24.7          100
        596400        5399850            408        -185.1          100
        596500        5399850            416        -193.4          100
        596600        5399850            384          -156          100
        596700        5399850            371        -135.8          100
        596800        5399850            363        -126.7          100
        596900        5399850            358          -121          100
        597000        5399850            342        -119.3          100
        597100        5399850            326          -138          100
        597200        5399850            315        -245.6          100
        597300        5399850            306        -360.5          100
        597400        5399850            307        -244.9          100
        597500        5399850            299         -56.7          100
        597600        5399850            296           3.5          100
        597700        5399850            264          30.7          100
        597800        5399850            259          41.8          100
        597900        5399850            260          44.9          100
        598000        5399850            273          44.2          100
        598100        5399850            286          41.8          100
        598200        5399850            276          38.9          100
        598300        5399850            270          35.9          100
        598400        5399850            265          32.8          100
        598500        5399850            262          29.9          100
        598600        5399850            267          26.9          100
        598700        5399850            269          23.9          100
        598800        5399850            338            21          100
        596400        5399750            404        -129.9          100
        596500        5399750            421        -129.5          100
        596600        5399750            387        -118.1          100
        596700        5399750            368        -108.7          100
        596800        5399750            356        -103.4          100
        596900        5399750            341        -103.4          100
        597000        5399750            331        -115.2          100
        597100        5399750            326        -155.4          100
        597200        5399750            315        -251.6          100
        597300        5399750            306          -364          100
        597400        5399750            307        -222.5          100
        597500        5399750            299        -111.7          100
        597600        5399750            296         -48.9          100
        597700        5399750            264           -13          100
        597800        5399750            259             8          100
        597900        5399750            258          19.5          100
        598000        5399750            261          25.2          100
        598100        5399750            276          27.5          100
        598200        5399750            273          27.8          100
        598300        5399750            263            27          100
        598400        5399750            259          25.6          100
        598500        5399750            260          23.8          100
        598600        5399750            266          21.7          100
        598700        5399750            261          19.5          100
        598800        5399750            337          17.1          100
        596400        5399650            386        -129.9          100
        596500        5399650            388        -112.8          100
        596600        5399650            386        -101.6          100
        596700        5399650            366         -95.2          100
        596800        5399650            353         -93.1          100
        596900        5399650            338         -97.4          100
        597000        5399650            312        -112.4          100
        597100        5399650            315        -144.9          100
        597200        5399650            309        -198.2          100
        597300        5399650            309        -275.5          100
        597400        5399650            306        -164.2          100
        597500        5399650            300         -98.2          100
        597600        5399650            296         -71.8          100
        597700        5399650            277         -41.4          100
        597800        5399650            264         -17.4          100
        597900        5399650            258          -1.3          100
        598000        5399650            261           8.6          100
        598100        5399650            276          14.3          100
        598200        5399650            273          17.2          100
        598300        5399650            263          18.4          100
        598400        5399650            259          18.4          100
        598500        5399650            260          17.8          100
        598600        5399650            266          16.6          100
        598700        5399650            258          15.1          100
        598800        5399650            325          13.3          100
        596400        5399550            398        -227.2          100
        596500        5399550            397        -119.5          100
        596600        5399550            343         -95.2          100
        596700        5399550            331           -88          100
        596800        5399550            321         -87.3          100
        596900        5399550            315         -92.2          100
        597000        5399550            310        -104.1          100
        597100        5399550            303        -122.6          100
        597200        5399550            325          -138          100
        597300        5399550            311        -101.3          100
        597400        5399550            301         -92.5          100
        597500        5399550            285           -98          100
        597600        5399550            269         -89.7          100
        597700        5399550            257         -60.7          100
        597800        5399550            257         -35.4          100
        597900        5399550            257         -17.1          100
        598000        5399550            276          -4.8          100
        598100        5399550            273             3          100
        598200        5399550            270           7.8          100
        598300        5399550            265          10.4          100
        598400        5399550            263          11.7          100
        598500        5399550            257            12          100
        598600        5399550            267          11.6          100
        598700        5399550            266          10.7          100
        598800        5399550            301           9.5          100
        596400        5399450            408        -290.1          100
        596500        5399450            399        -122.5          100
        596600        5399450            358         -90.8          100
        596700        5399450            355         -83.1          100
        596800        5399450            343         -82.5          100
        596900        5399450            323         -86.4          100
        597000        5399450            290         -94.2          100
        597100        5399450            289          -104          100
        597200        5399450            293        -109.3          100
        597300        5399450            309        -104.1          100
        597400        5399450            299        -129.5          100
        597500        5399450            295        -204.6          100
        597600        5399450            286        -115.8          100
        597700        5399450            260         -73.7          100
        597800        5399450            267         -46.7          100
        597900        5399450            273         -27.9          100
        598000        5399450            288         -14.9          100
        598100        5399450            272            -6          100
        598200        5399450            273          -0.2          100
        598300        5399450            270           3.4          100
        598400        5399450            264           5.6          100
        598500        5399450            259           6.6          100
        598600        5399450            268           6.9          100
        598700        5399450            275           6.6          100
        598800        5399450            312           5.8          100
